p2 =

   22.000
   34.600

p3 =

   -2.6333
   29.9000
   29.3333
   
p4 =

    0.22083
   -4.40000
   33.65417
   27.12500

   p5 =

   -0.010251
    0.405351
   -5.394345
   35.499342
   26.099903
   
                                                                                          
p6 =

    0.00032701
   -0.02267722
    0.55479277
   -6.08759797
   36.70926554
   25.44588987

   p7 =

   -0.0000079612
    0.0008683657
   -0.0353911992
    0.6808180465
   -6.6233845135
   37.6088774194
   24.9682198423
   
% reorganizacion  1 7 4 3 5 2 6

p2 =

    4.0359
   52.5641

p3 =

   -0.19103
   11.86795
   44.92308

p4 =

    0.019304
   -1.175531
   20.554762
   37.201465

p5 =
 -0.00085059
    0.06693696
   -1.77519568
   22.80882013
   35.50028918

p6 =

    0.00024738
   -0.01965136
    0.51840290
   -5.91878717
   36.41464291
   25.60514534

p7 =

   -0.0000079628
    0.0008684749
   -0.0353937649 
   0.6808434787
   -6.6234926364
   37.6090589630
   24.9681234474
 